C tensor [GPa]
 43.184088   11.353206   11.354054  0.0013975452  0.0014309692  0.00095053151 
 11.353206   43.185759   11.354191  0.0016695576  0.0010946815  -7.2230692e-05 
 11.354054   11.354191   43.185317  0.0012903529  0.0017357139  0.00071161318 
0.0013975452  0.0016695576  0.0012903529   1.8618415  -3.412484e-05  -3.6075545e-05 
0.0014309692  0.0010946815  0.0017357139  -3.412484e-05   1.8617798  0.0001115973 
0.00095053151  -7.2230692e-05  0.00071161318  -3.6075545e-05  0.0001115973   1.8617439 
S tensor [1/GPa]
0.026003016  -0.0054127086  -0.0054134757  -5.4567162e-06  -5.8780251e-06  -5.7082047e-06 
-0.0054127086  0.026001982  -0.0054133043  -7.7509893e-06  -3.0410962e-06  2.9207533e-06 
-0.0054134757  -0.0054133043  0.026002556  -4.5519226e-06  -8.4489381e-06  -3.6921114e-06 
-5.4567162e-06  -7.7509893e-06  -4.5519226e-06  0.13427567  2.4675004e-06  2.6038628e-06 
-5.8780251e-06  -3.0410962e-06  -8.4489381e-06  2.4675004e-06  0.13428012  -8.0459613e-06 
-5.7082047e-06  2.9207533e-06  -3.6921114e-06  2.6038628e-06  -8.0459613e-06   0.1342827 
